1111111111111111111111122222222222222222222223333333333333333333333333
1111111111111111111111122222222222222222222223333333333333333333333333
1111111111111111111111122222222222222222222223333333333333333333333333
1111111111111111111111122222222222222222222223333333333333333333333333
1111111111111111111111122222222222222222222223333333333333333333333333
1111111111111111111111122222222222222222222223333333333333333333333333
1111111111111111111111122222222222222222222223333333333333333333333333
1111111111111111111111122222222222222222222223333333333333333333333333
1111111111111111111111122222222222222222222223333333333333333333333333
1111111111111111111111122222222222222222222223333333333333333333333333
1111111111111111111111122222222222222222222223333333333333333333333333
1111111111111111111111122222222222222222222223333333333333333333333333
1111111111111111111111122222222222222222222223333333333333333333333333
1111111111111111111111122222222222222222222223333333333333333333333333
1111111111111111111111122222222222222222222223333333333333333333333333
1111111111111111111111122222222222222222222223333333333333333333333333
1111111111111111111111122222222222222222222223333333333333333333333333
1111111111111111111111122222222222222222222223333333333333333333333333
1111111111111111111111122222222222222222222223333333333333333333333333
1111111111111111111111122222222222222222222223333333333333333333333333
1111111111111111111111122222222222222222222223333333333333333333333333
1111111111111111111111122222222222222222222223333333333333333333333333
1111111111111111111111122222222222222222222223333333333333333333333333
1111111111111111111111122222222222222222222223333333333333333333333333
1111111111111111111111122222222222222222222223333333333333333333333333
1111111111111111111111122222222222222222222223333333333333333333333333
1111111111111111111111122222222222222222222223333333333333333333333333
1111111111111111111111122222222222222222222223333333333333333333333333
1111111111111111111111122222222222222222222223333333333333333333333333
4444444444444444444444444444444444444444444444444444444444444444444444
